competition:
  start:
    position:
      x: 169.51272583007812
      y: -302.3876037597656
      z: 0.2214583158493042
    orientation: 
      x: -0.00021944240270327064
      y: 3.1045742430027365e-06
      z: 0.9999113555766861
      w: 0.013312881888889015
  goal:
    position: 
      x: 136.9810028076172
      y: -209.24661254882812
      z: 0.2214505672454834
    orientation: 
      x: -0.00012073665405132654
      y: 0.00011807662149525723
      z: 0.7049430900883953
      w: 0.709263851621663
  traffic_rules: true
  ready_for_ego: false