competition:
  start:
    position:
      x: 2.1429343223571777
      y: -150.72781372070312
      z: 0.0012984656495973468
    orientation: 
      x: 5.992116069291752e-05
      y: -2.7441538538303724e-05
      z: 0.7174989507653993
      w: 0.6965595820222185
  goal:
    position: 
      x: 220.9729461669922
      y: -55.53990936279297
      z: 0.0013857078738510609
    orientation: 
      x: 7.31674255806706e-05
      y: -0.00012286187390865276
      z: -0.9990998308830981
      w: 0.04242060208027131
  traffic_rules: true
  ready_for_ego: false
  town_name: 'Town01'
  spawn_npc:
    n: 50
    w: 50
    s: 7 # seed