competition:
  start:
    position: 
      x: 80.7386703491211
      y: -302.0771179199219
      z: 0.22123217582702637
    orientation: 
      x: -0.000160983375907135
      y: -1.683188044406171e-06
      z: -0.9999524941423706
      w: 0.009745949926596519
  goal:
    position: 
      x: 193.51084899902344
      y: -171.748046875
      z: 0.2213437259197235
    orientation: 
      x: -3.703207276353725e-06
      y: 3.883250199122138e-06
      z: 0.70720389741319
      w: 0.7070096515994678
  traffic_rules: false
  ready_for_ego: false
  town_name: 'Town02'
  spawn_npc:
    n: 40
    w: 50
    s: 7 # seed