competition:
  start:
    position:
      x: 15.1970520019531
      y: 16.3322639465332
      z: 3.7214583158493042
    orientation:
      x: 0
      y: 0
      z: 0.6593847
      w: 0.7518057
  goal:
    position:
      x: 136.9810028076172
      y: 209.24661254882812
      z: 0.2214505672454834
    orientation: 
      x: 0
      y: 0
      z: 0.8509035
      w: 0.525322
  traffic_rules: true
  ready_for_ego: false
  town_name: 'Town04'
  spawn_npc:
    n: 0 # 50
    w: 0 # 50
    s: 1 # seed
