competition:
  start:
    position: 
      x: -162.8847198486328
      y: -84.05718231201172
      z: 0.001404132810421288
    orientation: 
      x: 9.653412255042427e-05
      y: 2.8458387107357323e-05
      z: -0.9999868574262395
      w: 0.005125899538313539
  goal:
    position: 
      x: 101.73828125
      y: -208.83290100097656
      z: 0.0014647102216258645
    orientation: 
      x: -4.405311607950373e-05
      y: 0.00019267806835521916
      z: 0.010239150764289176
      w: 0.9999475589880257
  traffic_rules: true
  ready_for_ego: false
  town_name: 'Town01'
  spawn_npc:
    n: 150
    w: 50
    s: 7 # seed