competition:
  start:
    position: 
      x: 79.26847076416016
      y: 58.85861587524414
      z: 6.62803840637207
    orientation: 
      x: 0.05983604434143549
      y: 0.05781142275953845
      z: -0.7176814570063396
      w: 0.691383260909132
  goal:
    position: 
      x: -148.99612426757812
      y: -81.21228790283203
      z: 0.0014348792610689998
    orientation: 
      x: 9.899541537608763e-05
      y: 0.00010210563147821504
      z: -0.6974306816465333
      w: 0.7166522337036282
  traffic_rules: true
  ready_for_ego: false
  town_name: 'Town03'
  spawn_npc:
    n: 80
    w: 50
    s: 7 # seed