competition:
  start:
    position: 
      x: -117.45620727539062
      y: -114.50498962402344
      z: 0.106813087314367294
    orientation: 
      x: 0
      y: 0
      z: 0.7071068
      w: 0.7071068
  goal:
    position: 
      x: -184.91590881347656
      y: -110.39464569091797
      z: 0.0014303970383480191
    orientation: 
      x: 0.00013552336434468314
      y: 4.552527913033062e-06
      z: -0.9999915220802147
      w: 0.004115504876434526
  traffic_rules: true
  ready_for_ego: false
  town_name: 'Town07'
  spawn_npc:
    n: 150
    w: 50
    s: 1 # seed