competition:
  start:
    position: 
      x: 36.45561599731445
      y: 215.8518829345703
      z: 2.8432424068450928
    orientation: 
      x: -0.027000509034943374
      y: -0.0337854389362843
      z: -0.6152281021282249
      w: 0.787161926784724
  goal:
    position: 
      x: -198.6990966796875
      y: 64.02234649658203
      z: 0.001426753937266767
    orientation: 
      x: -9.284817974260608e-05
      y: 9.098849655633226e-05
      z: 0.7113496027675161
      w: 0.702838335424873
  traffic_rules: true
  ready_for_ego: false
  town_name: 'Town07'
  spawn_npc:
    n: 50
    w: 50
    s: 7 # seed